843
870
266
223
852
370
590
598
661
215
675
681
741
900
197
821
253
744
113
585
105
886
205
853
88
61
787
162
412
947
129
416
496
327
440
473
407
857
66
460
230
949
447
946
399
56
493
70
847
105
563
431
584
621
860
366
815
764
2
241
693
702
802
284
71
783
593
597
125
850
961
988
50
872
154
566
510
967
907
281
621
710
574
313
119
886
207
599
350
914
861
46
648
8
749
540
396
663
517
734
213
266
535
31
532
660
460
867
670
231
773
844
667
274
505
23
555
314
949
476
975
131
516
268
555
279
916
331
580
575
798
268
540
801
230
218
516
305
551
483
66
948
162
60
537
68
303
997
751
117
798
856
979
777
504
748
744
627
883
345
465
709
305
205
340
513
242
347
468
411
394
238
356
576
649
688
538
70
795
384
196
654
551
561
319
964
402
755
799
200
930
592
777
433
146
820
987
37
2343
3